777777777777777777777777777777
771111111111117771111111111117
771777717777717771777771777717
771777717777717771777771777717
775777717777717771777771777757
771111111111111111111111111117
771777717717777777771771777717
771777717717777777771771777717
771111117711117771111771111117
777777717777707770777771777777
777777717777707770777771777777
777777717700000000000771777777
777777717707777777770771777777
000000000007777777770000000000
777777717707777777770771777777
777777717700000000000771777777
777777717707777777770771777777
777777717707777777770771777777
771111111111117771111111111117
771777717777717771777771777717
771777717777717771777771777717
775117711111110001111111771157
777717717717777777771771771777
777717717717777777771771771777
771111117711117771111771111117
771777777777717771777777777717
771777777777717771777777777717
771111111111111111111111111117
777777777777777777777777777777