077777777777770007777777777777
071111111111111111111111111117
071777777777717771777777777717
071750000000717071700000005717
071777777777717771777777777717
071111111111111111111111111117
071777717717777777771771777717
071777717717777077771771777717
071111117711117071111771111117
077777717777707070777771777777
000000717777707770777771700000
000000717700000000000771700000
777777717707777777770771777777
000000010007000000070001000000
777777717707777777770771777777
000000717700000000000771700000
000000717707777777770771700000
077777717707777077770771777777
071157711111117071111111775117
071777717777717071777771777717
071777717777717771777771777717
071117711111110001111111771117
077717777717777777771777771777
077717717717777077771771771777
071111117711117071111771111117
071777777777717071777777777717
071777777777717771777777777717
071111111111111111111111111117
077777777777770007777777777777